U0 0 0 0 0 0
U1 1 18 564 606 1071
U2 1 15 246 397 4228
U3 1 9 732 848 2958
U4 1 9 327 423 2496
U5 1 19 453 521 1564
U6 0 0 0 0 0
U7 1 23 768 842 2109
U8 0 0 0 0 0
U9 1 23 81 232 4454
U10 1 27 42 193 3473
U11 1 27 569 720 3397
U12 1 5 941 1079 2967
U13 0 0 0 0 0
U14 1 19 672 714 945
U15 1 16 4 159 3642
U16 1 18 621 695 1850
U17 0 0 0 0 0
U18 1 19 357 453 2256
U19 1 24 109 205 2784
U20 0 0 0 0 0
U21 1 27 811 962 3322
U22 1 23 1044 1086 1155
U23 1 23 532 600 1972
U24 0 0 0 0 0
U25 1 15 672 765 2557
U26 0 0 0 0 0
U27 0 0 0 0 0
U28 0 0 0 0 0
U29 1 27 962 1058 2064
U30 0 0 0 0 0
U31 1 23 960 1002 1176
U32 0 0 0 0 0
U33 0 0 0 0 0
U34 1 28 878 987 3052
U35 1 19 845 938 2046
U36 1 19 1234 1308 1591
U37 1 3 639 735 2064
U38 1 24 554 663 3052
U39 1 24 272 381 3106
U40 0 0 0 0 0
U41 0 0 0 0 0
U42 0 0 0 0 0
U43 1 28 248 386 4002
U44 0 0 0 0 0
U45 1 28 649 723 2109
U46 0 0 0 0 0
U47 1 24 1275 1384 2997
U48 0 0 0 0 0
U49 1 28 110 152 1239
