U0 0 0 0 0 0
U1 1 78 515 584 1449
U2 0 0 0 0 0
U3 1 91 485 611 2961
U4 1 34 357 421 1728
U5 1 23 363 409 1035
U6 1 84 354 414 1350
U7 1 97 14 150 1496
U8 0 0 0 0 0
U9 1 20 760 788 616
U10 1 67 1368 1420 1196
U11 1 28 306 404 3185
U12 1 67 14 33 608
U13 1 31 880 948 1530
U14 1 91 1202 1282 1560
U15 1 84 1317 1339 385
U16 1 68 681 740 1268
U17 0 0 0 0 0
U18 1 76 11 121 1210
U19 1 88 1373 1385 246
U20 1 73 743 765 374
U21 0 0 0 0 0
U22 1 69 133 197 1184
U23 0 0 0 0 0
U24 1 38 1290 1331 676
U25 0 0 0 0 0
U26 1 65 718 789 1384
U27 1 87 407 469 1767
U28 1 32 1135 1185 1225
U29 0 0 0 0 0
U30 1 32 260 324 1888
U31 1 86 910 970 1590
U32 0 0 0 0 0
U33 1 35 502 566 1312
U34 0 0 0 0 0
U35 1 53 536 602 1518
U36 1 28 670 728 1798
U37 0 0 0 0 0
U38 0 0 0 0 0
U39 1 82 716 852 3672
U40 1 91 794 904 2365
U41 0 0 0 0 0
U42 1 64 1131 1189 1305
U43 0 0 0 0 0
U44 1 31 1415 1431 312
U45 1 53 159 257 2401
U46 1 32 365 405 1160
U47 0 0 0 0 0
U48 1 46 490 572 1640
U49 1 67 1187 1253 1584
U50 0 0 0 0 0
U51 1 2 1022 1074 1118
U52 1 6 77 173 1824
U53 0 0 0 0 0
U54 1 60 621 707 1935
U55 1 14 497 557 1740
U56 0 0 0 0 0
U57 1 80 359 405 1403
U58 1 73 0 96 1776
U59 0 0 0 0 0
U60 1 78 737 863 2583
U61 1 44 910 954 1166
U62 1 99 355 465 2915
U63 1 33 794 844 850
U64 1 8 124 183 1711
U65 1 18 855 981 2520
U66 1 95 530 592 1643
U67 1 44 994 1092 2499
U68 1 31 328 386 1479
U69 1 11 220 352 2904
U70 1 94 153 285 2310
U71 1 20 464 516 1248
U72 1 25 1049 1147 2205
U73 1 38 1171 1251 1360
U74 1 34 115 156 1189
U75 1 60 91 143 1300
U76 1 1 229 361 3894
U77 1 48 908 930 374
U78 1 2 303 374 1704
U79 1 66 801 903 2958
U80 1 95 614 712 2548
U81 1 79 597 733 3876
U82 1 78 78 113 805
U83 1 9 938 998 1320
U84 1 91 52 114 1581
U85 1 87 867 919 1326
U86 1 72 180 278 2450
U87 1 51 1263 1275 252
U88 1 37 458 568 1925
U89 1 34 731 793 1488
U90 1 45 299 397 2009
U91 1 60 707 789 1804
U92 0 0 0 0 0
U93 1 89 1037 1072 787
U94 1 51 520 602 2091
U95 1 67 277 348 2094
U96 1 95 712 848 3468
U97 1 51 1077 1118 902
U98 1 6 173 269 1776
U99 1 30 965 1063 1568
U100 1 66 691 773 2419
U101 1 79 319 401 2460
U102 1 48 91 143 1066
U103 1 20 239 319 2000
U104 1 51 429 513 2184
U105 1 15 832 872 880
U106 1 33 1304 1366 961
U107 1 24 878 938 1200
U108 1 71 725 793 1496
U109 1 32 12 98 2623
U110 1 51 725 823 2352
U111 1 80 837 947 2860
U112 1 55 967 1029 1488
U113 1 8 183 235 1482
U114 1 5 51 161 2915
U115 1 82 416 432 464
U116 1 67 418 470 1482
U117 1 33 133 243 2200
U118 1 20 1042 1138 2016
U119 0 0 0 0 0
U120 0 0 0 0 0
U121 1 4 516 596 1640
U122 0 0 0 0 0
U123 1 44 1262 1314 1248
U124 1 15 66 146 2000
U125 1 6 779 823 748
U126 1 94 616 742 2142
U127 0 0 0 0 0
U128 1 1 708 769 1616
U129 1 5 431 483 1300
U130 1 51 225 271 1265
U131 1 14 609 659 1425
U132 1 41 428 519 2457
U133 1 67 1105 1121 392
U134 1 38 302 341 819
U135 1 78 132 182 1125
U136 1 25 339 351 306
U137 0 0 0 0 0
U138 1 48 529 613 1554
U139 1 34 170 222 1482
U140 1 23 1201 1337 2448
U141 1 68 69 155 2064
U142 1 68 1170 1220 1000
U143 1 88 457 537 1880
U144 1 31 620 688 1598
U145 0 0 0 0 0
U146 1 29 1042 1077 822
U147 1 86 970 1014 1144
U148 1 7 1262 1312 1175
U149 1 90 102 164 1581
U150 1 39 809 861 650
U151 1 56 46 144 2744
U152 1 79 1360 1400 980
U153 1 41 802 830 700
U154 0 0 0 0 0
U155 1 99 1117 1183 1551
U156 1 6 1220 1255 542
U157 1 84 50 108 1421
U158 1 25 923 997 1702
U159 1 28 1328 1394 1716
U160 1 96 406 466 1260
U161 0 0 0 0 0
U162 0 0 0 0 0
U163 1 42 512 610 2058
U164 1 56 1064 1086 484
U165 1 86 403 501 2891
U166 1 61 934 1070 2924
U167 0 0 0 0 0
U168 1 31 1124 1170 943
U169 1 31 72 143 1917
U170 1 60 1169 1305 2788
U171 1 52 904 944 860
U172 1 53 662 730 1530
U173 1 41 605 657 1352
U174 1 27 759 841 1599
U175 1 9 461 513 1248
U176 1 29 308 369 1586
U177 1 80 1265 1311 1104
U178 1 49 300 396 2448
U179 1 80 676 695 522
U180 1 55 54 164 3135
U181 1 89 1272 1324 1092
U182 1 17 1303 1365 1333
U183 0 0 0 0 0
U184 0 0 0 0 0
U185 1 69 269 367 1764
U186 1 35 1158 1229 1384
U187 1 55 1269 1328 1298
U188 1 67 514 555 1148
U189 1 69 653 727 1221
U190 1 82 552 571 532
U191 1 92 1328 1368 780
U192 1 7 504 602 2793
U193 1 44 2 46 1408
U194 1 49 635 715 1920
U195 1 3 141 267 2961
U196 1 61 628 669 922
U197 1 1 110 129 589
U198 1 2 140 186 1150
U199 1 2 701 799 2205
U200 1 84 1351 1409 986
U201 1 20 516 577 1433
U202 1 61 102 154 1274
U203 1 72 369 460 2184
U204 1 87 783 867 2184
U205 1 41 842 892 1225
U206 0 0 0 0 0
U207 1 25 1211 1263 1144
U208 1 86 221 312 2775
U209 1 41 892 972 1920
U210 1 19 178 206 630
U211 0 0 0 0 0
U212 1 34 970 1022 1170
U213 1 32 661 727 1782
U214 1 89 276 322 1311
U215 1 30 752 774 363
U216 1 69 601 653 884
U217 1 24 292 354 1364
U218 1 66 132 242 3575
U219 1 8 16 78 1829
U220 1 29 1220 1284 1440
U221 1 49 567 595 686
U222 1 35 450 502 1092
U223 1 24 511 582 1491
U224 1 66 311 375 2016
U225 0 0 0 0 0
U226 0 0 0 0 0
U227 1 38 456 518 1240
U228 1 5 887 939 1196
U229 1 99 865 947 2009
U230 1 46 735 804 1311
U231 1 5 1164 1235 1526
U232 1 89 739 751 306
U233 1 6 399 451 936
U234 1 4 110 162 1118
U235 1 80 209 307 3038
U236 1 8 1099 1157 1421
U237 1 79 922 941 503
U238 1 80 1109 1161 1300
U239 1 33 913 965 858
U240 1 99 969 997 672
U241 1 34 578 646 1700
U242 1 31 276 311 910
U243 1 49 799 868 1587
U244 0 0 0 0 0
U245 0 0 0 0 0
U246 0 0 0 0 0
U247 1 87 701 783 2173
U248 1 87 1218 1289 1704
U249 0 0 0 0 0
U250 0 0 0 0 0
U251 1 8 953 1013 1500
U252 0 0 0 0 0
U253 1 20 865 884 408
U254 1 99 505 603 2548
U255 1 66 581 620 1189
U256 1 5 483 522 955
U257 1 9 236 362 3276
U258 1 4 1059 1087 546
U259 1 20 649 711 1395
U260 1 44 1314 1372 1363
U261 1 60 296 342 1104
U262 1 56 1200 1241 861
U263 1 17 272 336 1632
U264 1 31 162 214 1378
U265 1 31 757 841 1932
U266 0 0 0 0 0
U267 1 7 134 230 2928
U268 1 86 709 819 2970
U269 1 64 702 746 1078
U270 0 0 0 0 0
U271 0 0 0 0 0
U272 1 55 793 845 1300
U273 1 17 988 1079 2047
U274 1 87 352 404 1508
U275 1 27 145 203 1276
U276 1 89 963 1021 1334
U277 0 0 0 0 0
U278 1 80 1173 1219 1127
U279 1 31 477 563 2107
U280 1 44 323 375 1586
U281 0 0 0 0 0
U282 0 0 0 0 0
U283 1 1 634 680 1265
U284 1 66 52 132 2640
U285 1 24 425 489 1376
U286 1 51 621 679 1450
U287 0 0 0 0 0
U288 1 9 751 831 1840
U289 1 53 285 313 672
U290 0 0 0 0 0
U291 1 14 445 497 1534
U292 1 56 1000 1064 1440
U293 0 0 0 0 0
U294 1 44 1210 1262 1274
U295 0 0 0 0 0
U296 0 0 0 0 0
U297 1 38 928 986 1073
U298 1 18 423 533 2310
U299 1 28 21 83 2108
U300 0 0 0 0 0
U301 1 69 404 495 1592
U302 1 8 519 547 756
U303 1 1 1210 1262 1222
U304 1 71 1100 1152 1092
U305 1 51 934 984 1150
U306 0 0 0 0 0
U307 1 79 903 922 513
U308 1 89 400 458 1595
U309 0 0 0 0 0
U310 0 0 0 0 0
U311 1 67 845 889 1144
U312 0 0 0 0 0
U313 0 0 0 0 0
U314 0 0 0 0 0
U315 1 14 1328 1396 1666
U316 1 89 1168 1248 1720
U317 1 68 395 445 1150
U318 0 0 0 0 0
U319 1 56 930 994 1472
U320 1 96 945 957 234
U321 1 91 359 485 3024
U322 0 0 0 0 0
U323 0 0 0 0 0
U324 1 39 672 684 156
U325 1 38 986 1032 828
U326 1 61 738 824 1892
U327 0 0 0 0 0
U328 1 71 103 144 984
U329 1 60 545 609 1472
U330 1 2 225 264 955
U331 0 0 0 0 0
U332 1 42 1195 1247 1014
U333 1 80 405 427 660
U334 1 33 544 640 1776
U335 1 27 259 327 1462
U336 1 3 663 715 1118
U337 0 0 0 0 0
U338 1 41 1003 1113 2585
U339 1 64 132 242 3025
U340 1 90 1113 1152 799
U341 1 14 1174 1254 2040
U342 1 95 1171 1239 1564
U343 1 86 600 659 1622
U344 0 0 0 0 0
U345 1 92 438 499 1311
U346 1 49 1223 1303 1680
U347 1 42 102 170 1496
U348 0 0 0 0 0
U349 1 79 1122 1206 2142
U350 1 95 64 126 1798
U351 1 49 97 149 1378
U352 0 0 0 0 0
U353 1 28 983 1049 1848
U354 1 41 1113 1245 3036
U355 1 29 1138 1190 1196
U356 1 28 527 618 2866
U357 1 4 416 466 1050
U358 1 5 563 695 3168
U359 1 89 896 954 1363
U360 1 15 939 1007 1428
U361 1 84 1024 1070 874
U362 1 20 155 239 2142
U363 1 61 547 566 437
U364 1 64 80 132 1456
U365 1 87 469 530 1708
U366 1 99 1244 1305 1403
U367 1 85 197 329 1584
U368 0 0 0 0 0
U369 1 91 646 665 427
U370 1 79 100 182 2542
U371 1 95 442 486 1188
U372 1 67 192 238 1380
U373 0 0 0 0 0
U374 1 20 593 645 1196
U375 1 73 256 325 1242
U376 1 8 609 661 1378
U377 1 8 254 364 3080
U378 1 91 1282 1362 1520
U379 1 5 978 1047 1552
U380 1 43 417 461 726
U381 1 3 295 357 1426
U382 1 68 941 982 840
U383 1 64 746 826 1920
U384 0 0 0 0 0
U385 1 51 271 329 1566
U386 1 27 953 1022 1311
U387 0 0 0 0 0
U388 1 67 1281 1309 658
U389 1 56 742 770 686
U390 1 55 1144 1184 920
U391 1 28 1268 1328 1590
U392 1 7 1093 1139 1127
U393 1 54 1028 1130 1938
U394 1 29 891 960 1656
U395 1 92 367 386 418
U396 1 4 596 698 2040
U397 0 0 0 0 0
U398 1 67 920 982 1581
U399 1 56 549 681 3300
U400 1 82 629 713 2310
U401 1 5 1248 1300 1092
U402 1 44 106 175 2173
U403 1 11 1305 1385 1600
U404 1 89 110 194 2436
U405 1 82 280 342 1860
U406 1 45 969 985 304
U407 1 90 760 820 1320
U408 1 92 41 173 3036
U409 1 34 1219 1265 966
U410 1 1 680 708 756
U411 1 29 127 179 1404
U412 0 0 0 0 0
U413 1 44 954 994 1040
U414 1 53 763 837 1628
U415 0 0 0 0 0
U416 1 84 681 733 1092
U417 0 0 0 0 0
U418 1 5 1059 1145 1892
U419 1 9 402 414 300
U420 1 73 361 452 1592
U421 1 72 278 369 2229
U422 1 32 1320 1359 897
U423 1 11 807 887 1720
U424 1 60 220 272 1274
U425 0 0 0 0 0
U426 1 55 284 324 1100
U427 1 89 19 71 1560
U428 0 0 0 0 0
U429 1 49 149 240 2366
U430 1 17 136 204 1802
U431 1 84 1214 1255 738
U432 1 23 953 1017 1248
U433 1 53 374 454 1880
U434 1 79 217 319 3111
U435 1 17 1177 1229 1144
U436 1 84 108 166 1392
U437 1 3 948 987 780
U438 1 49 0 52 1404
U439 1 32 167 238 2130
U440 1 84 474 554 1760
U441 1 14 1042 1174 3432
U442 1 29 380 460 2040
U443 1 67 84 96 372
U444 1 7 602 700 2744
U445 1 82 1350 1372 528
U446 1 41 41 132 2593
U447 1 68 779 839 1260
U448 0 0 0 0 0
U449 1 95 974 990 392
U450 1 7 1357 1407 1150
U451 1 35 883 922 780
U452 1 71 1283 1385 2091
U453 1 66 620 691 2130
U454 1 48 1028 1124 1584
U455 1 90 486 584 2303
U456 1 17 382 421 975
U457 1 79 16 100 2646
U458 1 90 1212 1264 1040
U459 1 9 998 1039 881
U460 1 82 91 132 1291
U461 0 0 0 0 0
U462 1 27 587 673 1720
U463 1 34 1111 1173 1333
U464 1 89 573 699 3339
U465 1 5 1316 1390 1517
U466 1 21 417 463 874
U467 1 82 460 506 1311
U468 0 0 0 0 0
U469 0 0 0 0 0
U470 1 90 276 338 1519
U471 1 61 251 309 1363
U472 1 14 813 911 2695
U473 1 1 86 98 378
U474 0 0 0 0 0
U475 1 41 1298 1372 1665
U476 1 25 525 635 2640
U477 0 0 0 0 0
U478 1 18 1062 1194 2574
U479 1 56 829 890 1433
U480 1 3 754 795 861
U481 1 89 782 804 539
U482 1 80 1369 1419 1175
U483 1 18 86 150 1440
U484 1 88 288 307 465
U485 1 78 1011 1073 1240
U486 1 53 23 159 3400
U487 1 8 888 947 1504
U488 1 95 304 402 2695
U489 0 0 0 0 0
U490 1 14 126 186 1860
U491 1 55 1224 1268 990
U492 1 99 243 327 2268
U493 1 49 1050 1096 1012
U494 1 71 205 331 2961
U495 1 86 1050 1182 3366
U496 1 71 558 624 1485
U497 1 28 111 185 2479
U498 1 41 292 428 3740
U499 1 1 487 548 1738
U500 1 19 846 887 881
U501 1 31 388 472 2100
U502 0 0 0 0 0
U503 1 18 191 232 902
U504 1 95 1255 1365 2475
U505 1 32 1254 1318 1504
U506 1 9 876 938 1395
U507 1 95 1042 1103 1433
U508 1 98 785 867 1312
U509 1 31 1016 1056 860
U510 0 0 0 0 0
U511 0 0 0 0 0
U512 1 83 582 668 1677
U513 1 21 515 651 2516
U514 0 0 0 0 0
U515 0 0 0 0 0
U516 1 85 831 905 851
U517 1 79 423 451 826
U518 1 7 1178 1246 1632
U519 1 80 427 491 1888
U520 0 0 0 0 0
U521 1 91 611 627 368
U522 1 31 976 1016 880
U523 0 0 0 0 0
U524 1 44 415 461 1380
U525 1 87 69 108 1189
U526 1 28 782 798 472
U527 1 99 669 721 1326
U528 0 0 0 0 0
U529 0 0 0 0 0
U530 1 33 640 684 792
U531 1 87 650 666 432
U532 1 14 911 923 324
U533 1 32 733 792 1563
U534 1 20 374 436 1519
U535 0 0 0 0 0
U536 1 42 414 512 2107
U537 1 79 832 903 1952
U538 0 0 0 0 0
U539 1 34 685 731 1127
U540 1 82 1074 1093 494
U541 1 33 1145 1216 1136
U542 1 65 409 519 2200
U543 1 60 1079 1163 1764
U544 1 86 554 600 1288
U545 1 69 801 840 624
U546 0 0 0 0 0
U547 1 38 394 456 1271
U548 1 64 631 650 475
U549 1 31 580 592 288
U550 1 88 577 589 276
U551 1 19 1033 1143 2310
U552 1 33 247 357 2145
U553 0 0 0 0 0
U554 0 0 0 0 0
U555 1 48 778 862 1470
U556 0 0 0 0 0
U557 1 23 247 321 1702
U558 1 48 364 399 682
U559 1 51 1282 1340 1189
U560 1 15 256 297 1004
U561 1 1 769 810 1066
U562 1 67 712 786 1961
U563 1 49 1161 1183 473
U564 1 69 916 1002 1333
U565 1 66 1196 1306 2915
U566 1 64 1282 1362 1760
U567 1 91 1150 1202 1040
U568 1 64 924 990 1518
U569 1 36 248 346 2009
U570 1 8 696 822 3276
U571 1 44 237 323 2666
U572 1 72 512 586 1739
U573 1 45 801 867 1287
U574 0 0 0 0 0
U575 0 0 0 0 0
U576 1 33 418 544 2394
U577 1 24 672 741 1414
U578 1 92 527 625 2058
U579 1 79 960 1070 2860
U580 0 0 0 0 0
U581 1 39 626 672 621
U582 1 55 386 448 1674
U583 1 15 904 939 752
U584 1 39 193 319 1764
U585 1 99 99 197 2695
U586 1 31 1078 1124 966
U587 1 9 426 442 392
U588 1 20 1190 1236 943
U589 1 86 501 520 551
U590 1 29 512 638 3150
U591 1 5 340 431 2320
U592 1 38 139 198 1298
U593 1 89 458 568 2970
U594 1 49 715 799 1974
U595 0 0 0 0 0
U596 0 0 0 0 0
U597 1 51 371 429 1537
U598 1 90 210 276 1650
U599 0 0 0 0 0
U600 1 83 343 425 1640
U601 1 54 383 467 1638
U602 0 0 0 0 0
U603 1 67 52 68 504
U604 1 64 884 896 282
U605 1 34 902 970 1564
U606 1 38 1119 1131 210
U607 1 87 598 650 1430
U608 1 84 295 354 1357
U609 1 3 395 475 1800
U610 1 80 530 610 2280
U611 0 0 0 0 0
U612 1 79 1286 1338 1300
U613 0 0 0 0 0
U614 1 46 268 370 2142
U615 1 9 1251 1310 1209
U616 1 25 367 395 700
U617 0 0 0 0 0
U618 1 53 1312 1324 246
U619 0 0 0 0 0
U620 0 0 0 0 0
U621 1 80 624 676 1456
U622 1 1 588 634 1288
U623 1 2 909 1019 2420
U624 0 0 0 0 0
U625 0 0 0 0 0
U626 1 23 106 167 1464
U627 1 88 998 1080 1763
U628 0 0 0 0 0
U629 1 89 361 400 1092
U630 1 1 361 487 3654
U631 0 0 0 0 0
U632 0 0 0 0 0
U633 1 90 675 716 922
U634 1 88 1149 1240 1911
U635 0 0 0 0 0
U636 1 25 159 239 2120
U637 1 55 1040 1102 1457
U638 1 36 1097 1195 1960
U639 0 0 0 0 0
U640 1 87 1075 1127 1274
U641 1 67 122 157 1067
U642 0 0 0 0 0
U643 1 64 480 544 1664
U644 0 0 0 0 0
U645 1 2 535 631 2208
U646 1 42 708 790 1681
U647 1 53 920 984 1376
U648 1 15 672 684 276
U649 1 31 1189 1299 2200
U650 1 46 140 202 1333
U651 1 72 68 128 1530
U652 1 95 848 974 3150
U653 1 23 533 593 1290
U654 0 0 0 0 0
U655 1 9 89 185 2544
U656 0 0 0 0 0
U657 1 1 862 914 1326
U658 1 64 296 348 1404
U659 0 0 0 0 0
U660 1 78 297 395 2156
U661 1 8 416 490 2035
U662 1 28 810 872 1798
U663 0 0 0 0 0
U664 1 89 1091 1107 352
U665 1 68 487 522 787
U666 1 61 1139 1230 1911
U667 1 25 239 285 1196
U668 1 44 741 809 1870
U669 1 44 615 713 2744
U670 1 8 1157 1215 1392
U671 1 25 423 525 2499
U672 1 5 161 271 2860
U673 0 0 0 0 0
U674 1 15 1098 1224 2520
U675 1 91 1002 1024 462
U676 1 15 1046 1098 1066
U677 1 82 1175 1277 2550
U678 1 7 859 887 742
U679 1 17 837 947 2530
U680 1 1 1314 1366 1196
U681 0 0 0 0 0
U682 0 0 0 0 0
U683 0 0 0 0 0
U684 1 48 613 695 1476
U685 1 23 632 671 819
U686 0 0 0 0 0
U687 1 86 122 220 3038
U688 0 0 0 0 0
U689 0 0 0 0 0
U690 1 72 791 843 1170
U691 1 40 449 488 624
U692 1 7 791 859 1836
U693 1 44 563 615 1482
U694 1 17 697 768 1668
U695 1 33 746 768 385
U696 1 44 524 563 1131
U697 1 71 334 466 3036
U698 1 26 937 981 484
U699 0 0 0 0 0
U700 0 0 0 0 0
U701 0 0 0 0 0
U702 1 66 903 964 1738
U703 1 21 117 169 1040
U704 1 69 1212 1322 1650
U705 0 0 0 0 0
U706 0 0 0 0 0
U707 1 34 421 443 583
U708 0 0 0 0 0
U709 1 48 1193 1261 1088
U710 1 2 409 483 1739
U711 1 9 29 89 1620
U712 0 0 0 0 0
U713 0 0 0 0 0
U714 1 51 984 1036 1170
U715 1 68 265 361 2256
U716 1 46 946 992 828
U717 1 19 686 727 902
U718 1 67 577 648 1952
U719 0 0 0 0 0
U720 1 96 688 748 1200
U721 0 0 0 0 0
U722 1 82 132 212 2480
U723 1 11 1106 1172 1353
U724 1 53 1076 1202 2646
U725 0 0 0 0 0
U726 1 34 234 246 336
U727 1 8 1364 1410 1058
U728 1 82 1305 1327 539
U729 0 0 0 0 0
U730 1 89 763 782 475
U731 1 92 834 932 2009
U732 1 66 403 529 3906
U733 1 55 455 507 1378
U734 0 0 0 0 0
U735 1 56 362 374 318
U736 0 0 0 0 0
U737 1 32 529 587 1624
U738 0 0 0 0 0
U739 1 84 18 34 400
U740 0 0 0 0 0
U741 1 84 773 801 574
U742 0 0 0 0 0
U743 1 66 1013 1075 1705
U744 1 41 716 790 1887
U745 1 91 1076 1138 1271
U746 1 86 312 403 2730
U747 1 38 594 654 1170
U748 1 20 75 155 2080
U749 1 84 817 869 1040
U750 1 65 242 378 2788
U751 1 80 491 530 1131
U752 0 0 0 0 0
U753 1 50 1113 1173 1200
U754 1 11 993 1045 1092
U755 0 0 0 0 0
U756 1 7 40 68 868
U757 1 39 926 1058 1584
U758 0 0 0 0 0
U759 1 41 223 292 1932
U760 1 9 378 390 306
U761 1 7 230 356 3780
U762 1 60 422 482 1410
U763 1 32 1198 1226 672
U764 1 82 852 988 3604
U765 0 0 0 0 0
U766 0 0 0 0 0
U767 0 0 0 0 0
U768 1 67 662 684 594
U769 1 14 935 1033 2597
U770 0 0 0 0 0
U771 1 72 940 1026 1892
U772 1 38 41 80 877
U773 1 88 618 684 1485
U774 1 49 408 499 2275
U775 0 0 0 0 0
U776 0 0 0 0 0
U777 1 9 1100 1174 1554
U778 1 46 572 652 1560
U779 1 24 38 106 1564
U780 1 32 793 845 1352
U781 1 55 565 649 2184
U782 1 27 463 507 902
U783 1 90 584 675 2093
U784 0 0 0 0 0
U785 1 68 1272 1382 2145
U786 1 80 947 1057 2805
U787 1 6 509 595 1505
U788 1 67 982 1053 1775
U789 1 65 849 911 1178
U790 1 27 395 423 588
U791 1 9 623 705 1927
U792 1 55 186 284 2744
U793 1 32 427 479 1482
U794 1 6 875 927 858
U795 1 95 188 286 2744
U796 1 19 1256 1308 1066
U797 1 52 1076 1172 2016
U798 1 95 990 1042 1248
U799 1 88 89 148 1504
U800 1 96 263 347 1806
U801 1 5 791 887 2256
U802 0 0 0 0 0
U803 1 52 244 342 2156
U804 0 0 0 0 0
U805 1 66 242 311 2208
U806 1 67 383 418 1015
U807 1 80 772 818 1219
U808 1 33 40 92 1066
U809 1 14 246 315 2104
U810 1 3 856 930 1517
U811 1 46 856 872 296
U812 1 91 276 316 980
U813 1 90 993 1033 840
U814 1 56 497 549 1326
U815 1 89 71 110 1150
U816 0 0 0 0 0
U817 1 26 628 647 218
U818 0 0 0 0 0
U819 1 41 519 583 1696
U820 1 56 390 458 1768
U821 1 72 1141 1232 1911
U822 0 0 0 0 0
U823 1 23 1103 1201 1813
U824 1 56 792 827 840
U825 1 28 1077 1123 1265
U826 0 0 0 0 0
U827 1 86 52 87 1102
U828 1 82 342 404 1829
U829 1 23 409 489 1760
U830 1 32 845 981 3468
U831 1 72 1073 1089 344
U832 1 17 220 272 1352
U833 1 35 409 431 473
U834 0 0 0 0 0
U835 0 0 0 0 0
U836 0 0 0 0 0
U837 1 7 371 406 1032
U838 1 99 1371 1421 1125
U839 1 1 1166 1194 672
U840 1 28 1175 1266 2457
U841 1 56 207 298 2502
U842 1 99 773 857 2100
U843 1 71 969 1031 1333
U844 0 0 0 0 0
U845 1 86 1213 1345 3300
U846 1 66 969 1013 1232
U847 1 48 195 321 2520
U848 1 66 1115 1177 1674
U849 1 30 417 481 1088
U850 1 7 700 791 2502
U851 0 0 0 0 0
U852 1 1 955 1024 1725
U853 1 89 844 884 960
U854 1 32 587 645 1595
U855 1 45 495 523 560
U856 1 8 1295 1357 1457
U857 0 0 0 0 0
U858 0 0 0 0 0
U859 1 32 981 1091 2750
U860 1 1 1104 1154 1225
U861 0 0 0 0 0
U862 1 84 185 256 1668
U863 1 95 126 188 1767
U864 0 0 0 0 0
U865 1 15 1240 1259 370
U866 1 14 1254 1300 1150
U867 1 60 926 997 1526
U868 1 78 1217 1229 234
U869 1 87 160 286 3717
U870 1 80 43 59 512
U871 1 79 733 824 2548
U872 1 15 464 562 2303
U873 1 55 664 748 2142
U874 1 23 885 931 920
U875 1 34 1049 1111 1364
U876 1 86 532 554 627
U877 0 0 0 0 0
U878 1 42 987 1089 2040
U879 1 83 1211 1295 1596
U880 1 15 706 752 1035
U881 1 1 167 189 660
U882 1 92 1049 1101 1040
U883 1 2 1194 1238 924
U884 1 18 321 423 2193
U885 0 0 0 0 0
U886 0 0 0 0 0
U887 1 82 212 258 1403
U888 1 35 209 277 1496
U889 1 72 659 791 3036
U890 1 21 188 204 312
U891 1 80 714 772 1566
U892 1 46 370 468 2009
U893 1 90 384 458 1776
U894 1 92 219 315 2160
U895 1 35 87 148 1372
U896 0 0 0 0 0
U897 1 51 74 143 1932
U898 1 89 699 727 728
U899 0 0 0 0 0
U900 1 28 488 527 1248
U901 1 87 971 1023 1300
U902 0 0 0 0 0
U903 1 17 481 577 2304
U904 1 14 315 399 2520
U905 1 25 699 797 2303
U906 1 56 298 362 1728
U907 1 68 522 574 1144
U908 1 88 198 272 1850
U909 1 81 433 485 936
U910 1 15 366 464 2352
U911 0 0 0 0 0
U912 1 44 1178 1194 400
U913 1 23 0 71 1739
U914 1 29 704 800 2352
U915 0 0 0 0 0
U916 1 55 897 955 1421
U917 1 81 537 583 805
U918 0 0 0 0 0
U919 1 87 1302 1321 446
U920 1 56 1282 1344 1271
U921 1 51 823 875 1222
U922 1 23 1017 1081 1216
U923 0 0 0 0 0
U924 1 28 728 747 579
U925 1 23 167 208 963
U926 1 61 1340 1356 328
U927 1 34 31 53 649
U928 0 0 0 0 0
U929 1 52 1270 1311 840
U930 1 51 1170 1241 1526
U931 1 91 154 215 1525
U932 1 73 838 899 1006
U933 1 34 793 834 963
U934 1 23 735 833 2009
U935 1 51 679 725 1127
U936 0 0 0 0 0
U937 0 0 0 0 0
U938 1 14 3 87 2646
U939 1 90 889 971 1763
U940 1 84 554 656 2193
U941 1 34 255 313 1595
U942 1 7 965 1017 1326
U943 1 61 170 205 840
U944 1 88 307 405 2352
U945 1 24 1083 1123 780
U946 0 0 0 0 0
U947 1 78 417 515 2107
U948 1 3 1172 1308 2652
U949 1 38 727 818 1729
U950 1 34 462 512 1275
U951 1 94 810 901 1501
U952 1 56 1148 1200 1118
U953 1 7 915 943 728
U954 1 91 681 742 1342
U955 0 0 0 0 0
U956 1 6 1059 1161 1632
U957 0 0 0 0 0
U958 1 81 163 224 1128
U959 1 84 1110 1162 962
U960 1 80 120 181 1921
U961 1 34 443 462 494
U962 1 28 185 244 1947
U963 0 0 0 0 0
U964 1 29 1296 1365 1518
U965 0 0 0 0 0
U966 1 24 145 184 877
U967 1 28 924 976 1482
U968 0 0 0 0 0
U969 1 64 382 480 2597
U970 1 84 908 966 1131
U971 1 64 544 608 1632
U972 1 14 703 813 3080
U973 1 87 108 160 1560
U974 1 88 804 936 2904
U975 1 7 1021 1071 1250
U976 1 44 485 524 1150
U977 1 1 148 167 579
U978 1 40 999 1135 2108
U979 1 17 421 481 1470
U980 1 28 747 782 1050
U981 1 49 939 991 1170
U982 1 38 198 250 1118
U983 1 82 1093 1175 2091
U984 1 7 406 504 2842
U985 1 94 1156 1236 1280
U986 1 79 467 517 1450
U987 1 96 535 615 1640
U988 0 0 0 0 0
U989 1 18 623 667 902
U990 1 1 35 70 1120
U991 1 48 427 473 874
U992 1 29 182 242 1590
U993 1 3 475 557 1804
U994 1 25 107 159 1404
U995 0 0 0 0 0
U996 1 44 848 907 1593
U997 0 0 0 0 0
U998 0 0 0 0 0
U999 0 0 0 0 0
